9495.413715	0.37347
9487.666034	0.3728
9480.020856	0.37227
9472.298264	0.37034
9464.588243	0.36793
9456.980197	0.36516
9449.295083	0.37442
9441.711593	0.37417
9434.051265	0.37016
9426.492214	0.37074
9418.856551	0.37464
9411.233248	0.37378
9403.710704	0.37376
9396.111889	0.37215
9388.61349	0.37014
9381.039044	0.36925
9373.47681	0.37429
9366.01448	0.37406
9358.47644	0.37401
9351.037965	0.37169
9343.524004	0.36367
9336.022108	0.36648
9328.619271	0.36791
9321.141281	0.3728
9313.762015	0.3713
9306.307815	0.37231
9298.865538	0.37892
9291.521487	0.37921
9284.102831	0.37301
9276.78207	0.36255
9269.386923	0.36525
9262.003557	0.37342
9254.717592	0.37333
9247.357568	0.36908
9240.094619	0.37433
9232.757825	0.37331
9225.517782	0.36717
9218.204109	0.36627
9210.902024	0.36224
9203.696204	0.36731
9196.417076	0.36917
9189.233894	0.36403
9181.977614	0.36155
9174.732786	0.36048
9167.583425	0.35809
9160.361285	0.35569
9153.234295	0.35771
9146.034737	0.35596
9138.846495	0.35437
9131.752931	0.35768
9124.587112	0.35132
9117.515659	0.34066
9110.372159	0.33926
9103.239843	0.34436
9096.201426	0.3408
9089.091273	0.34218
9082.074709	0.34279
9074.986614	0.34293
9067.909575	0.33246
9060.925664	0.32808
9053.87053	0.32589
9046.908219	0.32568
9039.874888	0.32552
9032.852484	0.32383
9025.922449	0.32539
9018.921698	0.32258
9012.013013	0.31258
9005.033814	0.31283
8998.146382	0.31073
8991.188635	0.3027
8984.24164	0.30234
8977.385965	0.30236
8970.460274	0.29838
8963.625607	0.30132
8956.721124	0.29795
8949.827268	0.29141
8943.023994	0.2883
8936.1512	0.28969
8929.368694	0.28552
8922.516864	0.2825
8915.675541	0.27582
8908.924069	0.26838
8902.103567	0.27322
8895.372627	0.27458
8888.572851	0.26634
8881.783462	0.26224
8875.083204	0.2632
8868.314399	0.25725
8861.63444	0.25735
8854.886126	0.25352
8848.148083	0.25171
8841.498457	0.24934
8834.780765	0.24433
8828.151209	0.241
8821.453776	0.238
8814.766497	0.23587
8808.166932	0.23089
8801.499776	0.22884
8794.920054	0.22547
8788.272929	0.22274
8781.712961	0.21316
8775.085776	0.2048
8768.468587	0.20149
8761.938141	0.2078
8755.340758	0.20986
8748.829844	0.20463
8742.252179	0.20054
8735.684397	0.19451
8729.202675	0.19038
8722.654478	0.19029
8716.19207	0.18729
8709.663372	0.18565
8703.144446	0.18397
8696.710904	0.18079
8690.211346	0.17548
8683.796903	0.17219
8677.316627	0.17274
8670.846014	0.17583
8664.460117	0.17552
8658.008658	0.17044
8651.641649	0.16431
8645.209257	0.16287
8638.786423	0.16487
8632.447644	0.16265
8626.043751	0.15797
8619.723652	0.1547
8613.338616	0.15147
8606.963033	0.14698
8600.670852	0.15024
8594.314002	0.15065
8588.040295	0.14907
8581.702095	0.14886
8575.446781	0.14674
8569.127149	0.14512
8562.816824	0.14025
8556.589001	0.13789
8550.297123	0.14231
8544.087491	0.14585
8537.813978	0.1453
8531.549671	0.1441
8525.36723	0.13985
8519.121167	0.14078
8512.95672	0.14012
8506.728822	0.13756
8500.510031	0.13987
8494.372478	0.13839
8488.171733	0.13706
8482.051978	0.13965
8475.8692	0.14082
8469.69543	0.14062
8463.602278	0.13979
8457.446359	0.13905
8451.370812	0.14195
8445.232666	0.14152
8439.10343	0.14059
8433.054199	0.13695
8426.942621	0.13709
8420.910806	0.14006
8414.816809	0.13835
8408.731627	0.13828
8402.725844	0.14103
8396.65813	0.14494
8390.669575	0.14525
8384.619254	0.14031
8378.647854	0.13817
8372.614851	0.14322
8366.590531	0.14806
8360.644773	0.14855
8354.637659	0.14851
8348.708872	0.14811
8342.718892	0.15004
8336.737501	0.15059
8330.834083	0.15217
8324.869716	0.15447
8318.983088	0.15596
8313.035671	0.15264
8307.096753	0.15405
8301.235224	0.15755
8295.313148	0.15918
8289.468231	0.16056
8283.562926	0.16267
8277.666029	0.16298
8271.845945	0.16235
8265.965713	0.16175
8260.162064	0.16487
8254.298426	0.16791
8248.443106	0.17362
8242.664029	0.1765
8236.825198	0.1759
8231.062383	0.17687
8225.239971	0.17918
8219.425791	0.17982
8213.687288	0.18151
8207.889423	0.18327
8202.167013	0.18055
8196.385394	0.18104
8190.679007	0.18672
8184.913567	0.19288
8179.156238	0.19597
8173.473808	0.19668
8167.732556	0.19691
8162.065982	0.20059
8156.340739	0.20049
8150.623523	0.1998
8144.980656	0.20429
8139.279348	0.20514
8133.652172	0.20641
8127.966708	0.20957
8122.289186	0.21392
8116.68547	0.21451
8111.023692	0.21465
8105.435505	0.21708
8099.789405	0.21552
8094.151166	0.21734
8088.586196	0.22185
8082.963538	0.22467
8077.413935	0.22493
8071.806793	0.22405
8066.207431	0.22764
8060.680805	0.23147
8055.096863	0.231
8049.585446	0.23258
8044.01686	0.23417
8038.520591	0.23455
8032.967298	0.24029
8027.421672	0.24649
8021.94805	0.24871
8016.417623	0.25021
8010.958992	0.25385
8005.443702	0.25294
7999.936001	0.25307
7994.499784	0.25632
7989.007126	0.2586
7983.585748	0.26158
7978.108071	0.26292
7972.637907	0.26686
7967.238714	0.26942
7961.783439	0.26946
7956.398934	0.27485
7950.958488	0.28075
7945.525477	0.282
7940.162932	0.28069
7934.74466	0.28173
7929.396652	0.28572
7923.993059	0.28814
7918.596825	0.28711
7913.270555	0.28764
7907.88891	0.28868
7902.57703	0.28867
7897.209916	0.29133
7891.850086	0.29538
7886.559725	0.2998
7881.214338	0.3026
7875.938221	0.30218
7870.607217	0.30186
7865.345289	0.30541
7860.028611	0.30746
7854.719115	0.30937
7849.478402	0.31255
7844.183146	0.31603
7838.956478	0.31751
7833.675404	0.31697
7828.40144	0.31801
7823.195775	0.32009
7817.935909	0.32245
7812.744148	0.32584
7807.498321	0.32718
7802.259534	0.32884
7797.088567	0.33218
7791.863736	0.33654
7786.706535	0.34063
7781.495603	0.3412
7776.291642	0.33788
7771.155027	0.33756
7765.964882	0.33971
7760.841896	0.34299
7755.665514	0.34713
7750.496032	0.34948
7745.393427	0.35042
7740.237625	0.34977
7735.148515	0.34904
7730.006339	0.35125
7724.870995	0.35669
7719.802064	0.35943
7714.680265	0.35976
7709.624695	0.36124
7704.516388	0.36114
7699.474126	0.36064
7694.379256	0.36267
7689.291124	0.36504
7684.268765	0.36513
7679.193992	0.36616
7674.18481	0.36809
7669.123343	0.37079
7664.068547	0.37419
7659.079072	0.37483
7654.037505	0.37389
7649.061078	0.37395
7644.032686	0.37492
7639.010901	0.37645
7634.053988	0.37712
7629.045301	0.37572
7624.101309	0.3754
7619.105669	0.37743
7614.116572	0.3789
7609.191904	0.37987
7604.215777	0.37962
7599.303904	0.38021
7594.340697	0.38294
7589.38397	0.38618
7584.491232	0.38689
7579.547349	0.38598
7574.667283	0.38663
7569.736195	0.38824
7564.811523	0.39031
7559.950407	0.393
7555.038455	0.39245
7550.189887	0.38995
7545.290607	0.38963
7540.454539	0.39085
7535.56788	0.3922
7530.687552	0.39442
7525.870179	0.39751
7521.002399	0.39926
7516.197405	0.39828
7511.342127	0.39562
7506.493117	0.39521
7501.706638	0.3962
7496.870057	0.39629
7492.095839	0.39713
7487.271638	0.39906
7482.453646	0.39948
7477.697766	0.39798
7472.892084	0.39771
7468.148347	0.39836
7463.354927	0.39906
7458.567657	0.40058
7453.842083	0.39949
7449.067004	0.39709
7444.353458	0.39751
7439.590525	0.39817
7434.833683	0.39862
7430.138126	0.40061
7425.39336	0.40113
7420.709717	0.39887
7415.976981	0.39788
7411.250278	0.40059
7406.584454	0.40395
7401.869712	0.40428
7397.215688	0.40104
7392.512863	0.3991
7387.870594	0.40152
7383.17964	0.40395
7378.49464	0.40433
7373.869954	0.40546
7369.196758	0.4062
7364.583717	0.40455
7359.922279	0.40286
7355.266739	0.40414
7350.671116	0.40622
7346.027268	0.405
7341.443181	0.40325
7336.810982	0.40376
7332.184624	0.40478
7327.617791	0.4057
7323.003017	0.40713
7318.447611	0.40945
7313.844376	0.40989
7309.246928	0.40688
7304.708615	0.40377
7300.122642	0.40437
7295.595649	0.40775
7291.021108	0.41101
7286.452299	0.4119
7281.94224	0.41099
7277.384799	0.41108
7272.885954	0.41163
7268.339838	0.41153
7263.852166	0.40994
7259.317334	0.40918
7254.78816	0.41183
7250.317201	0.41422
7245.799248	0.4154
7241.339358	0.4168
7236.832583	0.41796
7232.331414	0.4184
7227.888083	0.41828
7223.398031	0.41947
7218.965667	0.41909
7214.486689	0.41498
7210.013266	0.41194
7205.597308	0.41149
7201.134899	0.41268
7196.729806	0.4158
7192.27837	0.41902
7187.832437	0.42049
7183.443599	0.42046
7179.008579	0.42071
7174.630507	0.4224
7170.206359	0.42353
7165.787663	0.42248
7161.425697	0.4199
7157.017814	0.41819
7152.666514	0.41905
7148.269404	0.42107
7143.877697	0.42298
7139.542355	0.42415
7135.161362	0.42493
7130.83659	0.42542
7126.46627	0.42676
7122.152029	0.42978
7117.792346	0.43157
7113.437996	0.43036
7109.13951	0.42824
7104.795737	0.42726
7100.507686	0.42766
7096.174452	0.42843
7091.846504	0.42929
7087.574065	0.43048
7083.256598	0.43137
7078.9945	0.4319
7074.687476	0.43175
7070.38569	0.43078
7066.139062	0.42951
7061.847662	0.42892
7057.611281	0.42973
7053.33023	0.43101
7049.054369	0.43292
7044.833319	0.43641
7040.567751	0.43867
7036.356856	0.43668
7032.101544	0.43248
7027.851375	0.42972
7023.655672	0.4294
7019.415704	0.42918
7015.230064	0.42785
7011.000259	0.42745
7006.775552	0.42853
7002.604969	0.42993
6998.39037	0.43115
6994.22976	0.43175
6990.025234	0.43185
6985.874562	0.43239
6981.680071	0.43345
6977.490615	0.43444
6973.354811	0.43463
6969.175337	0.4331
6965.049382	0.43148
6960.879855	0.43212
6956.715317	0.43424
6952.604098	0.43614
6948.449454	0.43692
6944.347995	0.43634
6940.203209	0.43557
6936.063368	0.4358
6931.976514	0.4366
6927.846479	0.43671
6923.7693	0.43453
6919.649035	0.43133
6915.533672	0.43133
6911.470968	0.43429
6907.365324	0.4368
6903.312209	0.43783
6899.216249	0.43717
6895.125147	0.43455
6891.08638	0.43134
6887.00491	0.42909
6882.975648	0.42797
6878.903778	0.42768
6874.836723	0.42651
6870.821682	0.42376
6866.764175	0.42157
6862.758554	0.42124
6858.710562	0.42198
6854.71433	0.42218
6850.675819	0.42117
6846.642064	0.4196
6842.659879	0.41802
6838.635555	0.41681
6834.662675	0.41602
6830.64775	0.41534
6826.63754	0.41465
6822.678584	0.41432
6818.677722	0.41411
6814.72799	0.41314
6810.736445	0.41168
6806.749573	0.41057
6802.813644	0.41007
6798.836039	0.40977
6794.909254	0.40841
6790.940885	0.4058
6786.977148	0.40445
6783.064046	0.40543
6779.109496	0.40627
6775.205458	0.40503
6771.260064	0.4016
6767.319262	0.39778
6763.428788	0.39612
6759.497093	0.39595
6755.615605	0.39534
6751.692987	0.39427
6747.774921	0.39279
6743.90688	0.39082
6739.997843	0.3896
6736.138711	0.38976
6732.238671	0.38929
6728.388416	0.38649
6724.497344	0.38288
6720.610769	0.38062
6716.773799	0.37974
6712.896145	0.37925
6709.067976	0.37824
6705.199211	0.37579
6701.334906	0.37195
6697.519908	0.3681
6693.664447	0.36519
6689.858175	0.36295
6686.011527	0.36104
6682.169299	0.35911
6678.376086	0.35638
6674.542627	0.35302
6670.758065	0.35012
6666.933344	0.34789
6663.113006	0.34588
6659.341391	0.34424
6655.529747	0.34309
6651.766709	0.34174
6647.963729	0.33959
6644.165094	0.337
6640.414893	0.33397
6636.624878	0.32997
6632.883182	0.3258
6629.101757	0.32243
6625.368536	0.32012
6621.595672	0.31882
6617.827103	0.31788
6614.106566	0.31678
6610.346514	0.31517
6606.634382	0.31299
6602.882819	0.3118
6599.135513	0.31162
6595.435958	0.30966
6591.697098	0.30544
6588.005877	0.30095
6584.275433	0.29654
6580.549213	0.29246
6576.870462	0.28969
6573.152615	0.28739
6569.482128	0.28453
6565.772627	0.28177
6562.067314	0.27977
6558.409192	0.27805
6554.712183	0.2755
6551.062255	0.27145
6547.373521	0.26635
6543.688939	0.26161
6540.051274	0.2584
6536.374926	0.25655
6532.745386	0.25484
6529.077246	0.25306
6525.413222	0.25125
6521.795842	0.24889
6518.139984	0.24699
6514.530661	0.24554
6510.882941	0.24331
6507.281648	0.2409
6503.64204	0.23891
6500.0065	0.23638
6496.417226	0.23251
6492.789757	0.2282
6489.208446	0.22492
6485.589021	0.22273
6481.973631	0.22045
6478.404239	0.21781
6474.796853	0.21601
6471.235359	0.2155
6467.63595	0.21441
6464.040542	0.21218
6460.490868	0.21136
6456.903398	0.21217
6453.361556	0.21214
6449.781997	0.21085
6446.206408	0.20906
6442.676288	0.20633
6439.10857	0.20278
6435.586218	0.19988
6432.026346	0.19822
6428.47041	0.19655
6424.959683	0.19468
6421.411555	0.19376
6417.908532	0.19303
6414.368185	0.19186
6410.831741	0.19134
6407.340249	0.19189
6403.811549	0.19275
6400.327697	0.1929
6396.806714	0.19172
6393.330478	0.18967
6389.817187	0.18829
6386.307756	0.1886
6382.842918	0.18888
6379.341142	0.18761
6375.883857	0.18675
6372.38971	0.18734
6368.89939	0.18858
6365.453411	0.18997
6361.970684	0.19102
6358.532196	0.19112
6355.057037	0.19041
6351.585673	0.19017
6348.158399	0.19156
6344.694566	0.19347
6341.274723	0.19362
6337.818396	0.19201
6334.365835	0.19054
6330.957114	0.19043
6327.512022	0.19177
6324.110672	0.19397
6320.673025	0.19609
6317.239114	0.19721
6313.848796	0.19765
6310.422293	0.19844
6307.039287	0.20034
6303.620169	0.20335
6300.204757	0.20612
6296.832693	0.2076
6293.42463	0.20817
6290.059818	0.20901
6286.659081	0.21022
6283.301498	0.2116
6279.908062	0.21295
6276.51829	0.21383
6273.171527	0.2148
6269.789022	0.21654
6266.44943	0.21871
6263.074167	0.21997
6259.702539	0.22067
6256.373681	0.22323
6253.009261	0.227
6249.687516	0.23028
6246.330281	0.23277
6242.976651	0.23487
6239.665554	0.23664
6236.319075	0.23764
6233.015034	0.23833
6229.675683	0.23916
6226.339908	0.2397
6223.04643	0.23976
6219.717749	0.23974
6216.431271	0.2405
6213.109661	0.24292
6209.791599	0.24721
6206.5156	0.25193
6203.204575	0.25526
6199.935521	0.25703
6196.631511	0.25823
6193.331021	0.26018
6190.072362	0.26351
6186.778854	0.2684
6183.527084	0.2733
6180.240535	0.27629
6176.995633	0.27743
6173.716021	0.27788
6170.439891	0.27882
6167.205269	0.28048
6163.936043	0.28256
6160.708235	0.28489
6157.445891	0.28789
6154.187001	0.2915
6150.969393	0.29503
6147.717353	0.29758
6144.506504	0.29939
6141.261292	0.30095
6138.019507	0.30304
6134.818777	0.3063
6131.583788	0.31046
6128.389766	0.31383
6125.161551	0.3146
6121.936736	0.31426
6118.752753	0.31519
6115.534681	0.31812
6112.357353	0.32218
6109.146002	0.32554
6105.938025	0.32764
6102.770658	0.32956
6099.56937	0.33183
6096.408606	0.33442
6093.213988	0.33707
6090.022716	0.3397
6086.871835	0.34243
6083.687201	0.34525
6080.542871	0.34825
6077.364855	0.35142
6074.227055	0.35471
6071.055635	0.35792
6067.887526	0.36062
6064.759502	0.36266
6061.597958	0.36405
6058.476414	0.3649
6055.321416	0.36544
6052.169703	0.36656
6049.057859	0.36824
6045.912661	0.36989
6042.807247	0.37144
6039.668543	0.37355
6036.533098	0.37677
6033.43731	0.3801
6030.30833	0.38311
6027.218921	0.38571
6024.096386	0.38799
6020.977084	0.38995
6017.897226	0.39167
6014.78434	0.39318
6011.710813	0.39453
6008.604321	0.39578
6005.501039	0.39687
6002.436989	0.39838
5999.340073	0.4013
5996.282305	0.40566
5993.191734	0.41066
5990.140229	0.41476
5987.055985	0.41749
5983.974915	0.41949
5980.932786	0.42151
5977.858014	0.42414
5974.8221	0.42719
5971.753605	0.42983
5968.688261	0.43195
5965.661652	0.43391
5962.602557	0.43632
5959.582114	0.43933
5956.52925	0.44193
5953.479511	0.44368
5950.468302	0.44463
5947.424765	0.44535
5944.419676	0.44593
5941.382322	0.44654
5938.34807	0.448
5935.352144	0.45101
5932.324047	0.45546
5929.334195	0.45917
5926.312234	0.46173
5923.293351	0.46353
5920.312593	0.4655
5917.299818	0.46776
5914.325087	0.46997
5911.318401	0.47213
5908.314771	0.47427
5905.349065	0.47632
5902.351497	0.47772
5899.391773	0.47868
5896.400248	0.47963
5893.446488	0.4811
5890.460987	0.48237
5887.478511	0.48324
5884.53368	0.48411
5881.557201	0.48558
5878.61829	0.48786
5875.64779	0.49089
5872.680291	0.4947
5869.750242	0.49908
5866.788696	0.50338
5863.864521	0.50677
5860.90891	0.50959
5857.956276	0.51208
5855.040897	0.51435
5852.094172	0.51539
5849.184624	0.51566
5846.243788	0.51596
5843.305909	0.51729
5840.40509	0.51917
5837.473075	0.52146
5834.578043	0.52432
5831.651874	0.52799
5828.728638	0.53146
5825.842271	0.53387
5822.924855	0.53533
5820.044232	0.53638
5817.132619	0.53777
5814.223917	0.53912
5811.351895	0.5405
5808.44897	0.54214
5805.582648	0.54487
5802.685483	0.54781
5799.824845	0.5502
5796.933422	0.55139
5794.044881	0.55221
5791.192754	0.55325
5788.309929	0.55451
5785.463445	0.55575
5782.58632	0.55764
5779.712055	0.56069
5776.874018	0.56449
5774.005428	0.56806
5771.172991	0.5708
5768.310058	0.57331
5765.449965	0.57581
5762.625913	0.57827
5759.771452	0.57983
5756.95296	0.58031
5754.104115	0.57987
5751.258088	0.5793
5748.447919	0.57913
5745.607483	0.57975
5742.802832	0.58141
5739.967971	0.58414
5737.135907	0.58649
5734.339519	0.58802
5731.513005	0.58858
5728.722094	0.58946
5725.901114	0.59102
5723.08291	0.59318
5720.300201	0.59545
5717.487507	0.59702
5714.710236	0.59778
5711.903035	0.59778
5709.131184	0.5975
5706.329461	0.59725
5703.530485	0.5973
5700.766753	0.59793
5697.973231	0.59961
5695.21488	0.60186
5692.426795	0.60409
5689.641439	0.60522
5686.891147	0.60559
5684.111204	0.60589
5681.366255	0.6068
5678.591709	0.60807
5675.819872	0.60953
5673.082923	0.61109
5670.31646	0.61285
5667.584815	0.61422
5664.823711	0.61519
5662.065295	0.61581
5659.341592	0.61621
5656.588511	0.61578
5653.870074	0.6145
5651.122313	0.61288
5648.377221	0.61295
5645.666669	0.61469
5642.926873	0.61775
5640.221548	0.61938
5637.487034	0.61965
5634.75517	0.61892
5632.057672	0.61925
5629.331067	0.62067
5626.638759	0.62272
5623.917396	0.62446
5621.230262	0.62581
5618.514128	0.6271
5615.800617	0.62866
5613.121232	0.63034
5610.412926	0.63188
5607.738679	0.63314
5605.035564	0.63412
5602.335053	0.6347
5599.6685	0.63504
5596.973157	0.63546
5594.311704	0.63665
5591.621514	0.63818
5588.933911	0.63958
5586.280096	0.64055
5583.597624	0.64188
5580.948873	0.644
5578.271517	0.64653
5575.596728	0.64848
5572.955561	0.64966
5570.285867	0.65066
5567.649728	0.65216
5564.985114	0.65406
5562.323049	0.65587
5559.694439	0.65721
5557.037432	0.65804
5554.413815	0.65831
5551.761852	0.65823
5549.143212	0.65817
5546.496278	0.65844
5543.851868	0.6588
5541.240684	0.65888
5538.601282	0.65843
5535.99504	0.65731
5533.360631	0.65599
5530.728729	0.65486
5528.129889	0.65497
5525.502959	0.65598
5522.909027	0.65764
5520.287055	0.6593
5517.667572	0.66149
5515.080989	0.66417
5512.466443	0.66701
5509.884733	0.6688
5507.27511	0.6695
5504.667958	0.6694
5502.093547	0.66962
5499.491297	0.6702
5496.921724	0.67092
5494.324363	0.67101
5491.729455	0.6707
5489.167129	0.67051
5486.577089	0.67117
5484.019567	0.67241
5481.434382	0.67366
5478.851633	0.67467
5476.301306	0.6755
5473.723391	0.67642
5471.177835	0.67676
5468.60474	0.67643
5466.063942	0.67525
5463.495654	0.67456
5460.929778	0.67459
5458.396105	0.67565
5455.835016	0.67643
5453.306067	0.67675
5450.749751	0.67645
5448.19583	0.6764
5445.673957	0.67658
5443.124789	0.67669
5440.607607	0.67589
5438.063179	0.67423
5435.521131	0.67234
5433.010975	0.67138
5430.473646	0.67158
5427.968149	0.67254
5425.435527	0.67337
5422.905267	0.67378
5420.406747	0.67427
5417.881175	0.67499
5415.387281	0.67603
5412.866383	0.677
5410.347831	0.67803
5407.860867	0.67922
5405.346969	0.68071
5402.864599	0.68208
5400.355343	0.68287
5397.848418	0.6827
5395.372928	0.682
5392.870625	0.68154
5390.399698	0.68143
5387.902005	0.68148
5385.435628	0.68096
5382.942532	0.68044
5380.451743	0.68018
5377.99218	0.68089
5375.505969	0.68232
5373.050926	0.68435
5370.56928	0.68625
5368.089926	0.6876
5365.64165	0.68793
5363.166843	0.68712
5360.723054	0.68566
5358.252781	0.68429
5355.784783	0.68388
5353.347716	0.68446
5350.884234	0.68553
5348.451623	0.68632
5345.992644	0.68645
5343.535925	0.68638
5341.109989	0.68617
5338.657755	0.68594
5336.236246	0.68547
5333.788483	0.68507
5331.342965	0.68539
5328.928086	0.68626
5326.487022	0.68753
5324.076539	0.68816
5321.639917	0.68863
5319.205523	0.68912
5316.801625	0.69052
5314.371655	0.69268
5311.972123	0.69554
5309.546565	0.69844
5307.151386	0.70106
5304.730228	0.70235
5302.311277	0.70236
5299.922621	0.701
5297.508052	0.70017
5295.123721	0.70025
5292.713521	0.70221
5290.305515	0.70415
5287.927661	0.70555
5285.524007	0.70501
5283.150448	0.70338
5280.751134	0.70106
5278.353998	0.69841
5275.986873	0.69571
5273.59406	0.69326
5271.231201	0.69229
5268.842699	0.69318
5266.45636	0.69603
5264.099892	0.6997
5261.717846	0.70312
5259.365615	0.70498
5256.987851	0.70516
5254.612236	0.70367
5252.266353	0.70148
5249.895002	0.69912
5247.553328	0.69769
5245.18623	0.69721
5242.821267	0.69786
5240.485898	0.69882
5238.12517	0.69977
5235.793982	0.69965
5233.437479	0.69867
5231.11046	0.69688
5228.75817	0.69519
5226.407994	0.69379
5224.087221	0.69251
5221.741242	0.69163
5219.424611	0.69138
5217.082816	0.69246
5214.743122	0.69485
5212.432694	0.69788
5210.097168	0.70048
5207.790855	0.70159
5205.459486	0.7005
5203.130203	0.6975
5200.830052	0.69474
5198.50491	0.69297
5196.208846	0.69335
5193.887833	0.69437
5191.568892	0.69573
5189.27895	0.69662
5186.964122	0.69722
5184.678239	0.69768
5182.367513	0.6974
5180.058845	0.69636
5177.779043	0.69502
5175.474462	0.69358
5173.198692	0.69239
5170.898185	0.69105
5168.626438	0.68948
5166.329994	0.68756
5164.035591	0.6855
5161.769868	0.68346
5159.479512	0.68223
5157.217784	0.68203
5154.931465	0.68247
5152.647172	0.68298
5150.39143	0.68231
5148.111158	0.68088
5145.859384	0.67873
5143.583123	0.67689
5141.308874	0.67541
5139.063046	0.67436
5136.792792	0.67352
5134.550907	0.67274
5132.284637	0.67205
5130.020366	0.67148
5127.784387	0.67129
5125.524085	0.67141
5123.292023	0.67189
5121.035678	0.67231
5118.781321	0.67252
5116.555126	0.67216
5114.30471	0.67128
5112.082407	0.66988
5109.835923	0.66821
5107.591413	0.66646
5105.374939	0.66473
5103.134345	0.66307
5100.921737	0.66169
5098.685049	0.66077
5096.476296	0.66081
5094.243505	0.66144
5092.012669	0.6626
5089.809692	0.66343
5087.582737	0.66379
5085.38359	0.66329
5083.160506	0.66201
5080.939364	0.65988
5078.745956	0.65739
5076.52867	0.65469
5074.339067	0.65256
5072.125626	0.65109
5069.914116	0.65075
5067.730214	0.65113
5065.522534	0.6519
5063.342414	0.65248
5061.138554	0.65255
5058.936612	0.6525
5056.762155	0.65238
5054.564019	0.65237
5052.393319	0.65214
5050.198978	0.65111
5048.006542	0.64947
5045.84147	0.64709
5043.652815	0.64501
5041.491475	0.64336
5039.306591	0.64241
5037.123601	0.64194
5034.967852	0.64143
5032.788618	0.64086
5030.636577	0.64015
5028.46109	0.63928
5026.312747	0.63827
5024.140997	0.63671
5021.971124	0.63463
5019.828322	0.63207
5017.662171	0.62938
5015.523044	0.62714
5013.360606	0.62539
5011.200032	0.62432
5009.06641	0.62329
5006.909535	0.62216
5004.779564	0.62075
5002.626379	0.61915
5000.475045	0.61774
4998.350544	0.61638
4996.202886	0.61499
4994.082013	0.6134
4991.93802	0.61146
4989.795867	0.60942
4987.680429	0.6073
4985.541928	0.60521
4983.430095	0.60324
4981.295236	0.60176
4979.162206	0.60076
4977.055773	0.60053
4974.926371	0.60038
4972.823519	0.59991
4970.697737	0.5989
4968.573771	0.59722
4966.476285	0.59514
4964.355924	0.59268
4962.261998	0.58958
4960.145233	0.58597
4958.054856	0.58215
4955.941678	0.57845
4953.830302	0.57543
4951.745243	0.57311
4949.637439	0.57172
4947.555907	0.57085
4945.451668	0.57048
4943.349218	0.56956
4941.272971	0.56797
4939.174071	0.56537
4937.101329	0.56196
4935.005971	0.55854
4932.912391	0.55508
4930.8449	0.55183
4928.754849	0.54861
4926.69084	0.54522
4924.604308	0.54213
4922.519542	0.53946
4920.460752	0.53769
4918.379492	0.53695
4916.324163	0.53713
4914.2464	0.53819
4912.170393	0.53954
4910.120249	0.54106
4908.047726	0.54198
4906.00102	0.54235
4903.931973	0.54196
4901.864669	0.54103
4899.823116	0.53985
4897.759275	0.53816
4895.72114	0.5359
4893.660752	0.53284
4891.626025	0.52878
4889.569082	0.52459
4887.513868	0.52036
4885.484249	0.51707
4883.432467	0.51472
4881.406236	0.51306
4879.357877	0.51191
4877.311236	0.51026
4875.29008	0.50818
4873.246849	0.50524
4871.22906	0.50202
4869.189231	0.49916
4867.15111	0.49694
4865.138365	0.49606
4863.103633	0.49564
4861.094232	0.49546
4859.062881	0.49462
4857.033227	0.4926
4855.028839	0.49004
4853.002553	0.48695
4851.001489	0.48413
4848.978563	0.48169
4846.957323	0.47929
4844.96124	0.47693
4842.943347	0.47479
4840.950569	0.47288
4838.936015	0.47141
4836.923136	0.47021
4834.935309	0.46847
4832.925757	0.46627
4830.941212	0.46331
4828.934978	0.45992
4826.95371	0.45664
4824.950786	0.45354
4822.949523	0.45104
4820.973162	0.44886
4818.975197	0.44702
4817.002091	0.44493
4815.007415	0.44213
4813.014391	0.43863
4811.046162	0.43404
4809.056415	0.42951
4807.091421	0.42546
4805.104943	0.42234
4803.120107	0.42056
4801.15996	0.41918
4799.178381	0.41799
4797.221449	0.41665
4795.243119	0.41502
4793.266419	0.41336
4791.314305	0.41171
4789.340843	0.40993
4787.391925	0.40798
4785.421691	0.40608
4783.453079	0.40423
4781.508949	0.40281
4779.543554	0.40188
4777.602599	0.40087
4775.640413	0.39977
4773.702627	0.39795
4771.743643	0.39545
4769.786266	0.39288
4767.853226	0.39027
4765.899039	0.38815
4763.969149	0.3865
4762.018143	0.38516
4760.068735	0.38408
4758.143563	0.38285
4756.197325	0.38145
4754.275282	0.37913
4752.332207	0.376
4750.39072	0.37247
4748.473366	0.36859
4746.535029	0.3654
4744.620786	0.36278
4742.685593	0.3605
4740.751978	0.35856
4738.842396	0.3567
4736.911912	0.35495
4735.005422	0.35341
4733.078063	0.35205
4731.152272	0.3506
4729.250414	0.34907
4727.327736	0.34748
4725.428951	0.34584
4723.509379	0.34438
4721.591365	0.34309
4719.697184	0.34167
4717.782265	0.34013
4715.891138	0.33812
4713.979306	0.33564
4712.091226	0.33314
4710.182472	0.33062
4708.275265	0.32866
4706.391751	0.32729
4704.487611	0.32633
4702.607125	0.32581
4700.706046	0.32528
4698.806503	0.32471
4696.930556	0.32375
4695.034062	0.32234
4693.161126	0.32043
4691.267674	0.31789
4689.37575	0.31541
4687.507324	0.31311
4685.618431	0.31126
4683.752998	0.31013
4681.867129	0.30907
4679.982778	0.30785
4678.121828	0.30635
4676.24049	0.30433
4674.382514	0.30211
4672.504182	0.29986
4670.627359	0.29754
4668.77384	0.29515
4666.900012	0.29278
4665.04945	0.29049
4663.178609	0.28838
4661.309269	0.28665
4659.463137	0.28524
4657.596773	0.2842
4655.75358	0.28348
4653.890187	0.28311
4652.049926	0.283
4650.189495	0.28262
4648.330552	0.28198
4646.494684	0.28043
4644.638694	0.27799
4642.80574	0.27509
4640.952695	0.27167
4639.101128	0.26849
4637.272542	0.26563
4635.42391	0.26326
4633.598221	0.26143
4631.752516	0.26019
4629.908282	0.25969
4628.086934	0.25956
4626.245617	0.25981
4624.427149	0.25988
4622.588742	0.25906
4620.751796	0.25756
4618.937644	0.25511
4617.103599	0.25206
4615.29231	0.24923
4613.461157	0.24653
4611.631457	0.24447
4609.824458	0.24296
4607.997641	0.24138
4606.193488	0.23977
4604.369547	0.23772
4602.54705	0.2351
4600.747161	0.23256
4598.92753	0.23021
4597.130471	0.22824
4595.313699	0.22689
4593.519463	0.22583
4591.705543	0.22481
4589.893055	0.22396
4588.103049	0.22333
4586.293404	0.22287
4584.506203	0.22256
4582.699393	0.2223
4580.894007	0.22125
4579.111011	0.21948
4577.308451	0.21706
4575.528245	0.21388
4573.728503	0.21077
4571.930177	0.20786
4570.154151	0.20539
4568.358634	0.20355
4566.585381	0.20229
4564.792667	0.20179
4563.00136	0.20175
4561.232263	0.20173
4559.443748	0.20172
4557.677408	0.201
4555.891679	0.19968
4554.107349	0.19833
4552.345141	0.1969
4550.563587	0.19579
4548.804119	0.19517
4547.025336	0.19463
4545.247943	0.19398
4543.492583	0.19329
4541.71795	0.19248
4539.965315	0.19165
4538.193436	0.19106
4536.443519	0.19059
4534.674388	0.1899
4532.906636	0.18901
4531.160793	0.18765
4529.395779	0.1857
4527.652638	0.18361
4525.890356	0.18148
4524.129444	0.17946
4522.390355	0.17775
4520.632165	0.17634
4518.895763	0.17535
4517.140289	0.17478
4515.386178	0.17501
4513.653803	0.17603
4511.902399	0.1774
4510.172695	0.17922
4508.42399	0.18086
4506.676641	0.18197
4504.950941	0.18275
4503.206283	0.18314
4501.483239	0.18327
4499.741265	0.18356
4498.000639	0.18394
4496.281575	0.18437
4494.543624	0.18491
4492.827201	0.18524
4491.091919	0.18529
4489.378131	0.18508
4487.645512	0.18456
4485.914229	0.18379
4484.20439	0.18277
4482.475761	0.18154
4480.768541	0.18021
4479.04256	0.17873
4477.317907	0.17757
4475.614614	0.17679
4473.8926	0.17646
4472.191911	0.17679
4470.472529	0.17748
4468.754469	0.17809
4467.057683	0.1787
4465.342246	0.17893
4463.64805	0.17874
4461.935231	0.1787
4460.223725	0.17883
4458.53341	0.17934
4456.824513	0.18055
4455.136773	0.18213
4453.430477	0.18373
4451.725489	0.18538
4450.041608	0.18657
4448.339213	0.18725
4446.657892	0.18767
4444.958084	0.18776
4443.259575	0.18782
4441.582092	0.18826
4439.886161	0.18887
4438.211223	0.18949
4436.517866	0.19015
4434.845468	0.19068
4433.154677	0.19088
4431.465175	0.19139
4429.796584	0.1926
4428.10964	0.19432
4426.443574	0.19668
4424.759182	0.19958
4423.076072	0.20203
4421.413791	0.204
4419.733225	0.20557
4418.073455	0.20649
4416.395426	0.20734
4414.718672	0.20878
4413.062665	0.21066
4411.38844	0.21328
4409.734931	0.21671
4408.063229	0.22023
4406.392795	0.2238
4404.743027	0.22714
4403.075108	0.22981
4401.427823	0.23196
4399.762413	0.23346
4398.098262	0.23432
4396.454699	0.23469
4394.793049	0.23441
4393.151955	0.23403
4391.4928	0.23399
4389.834898	0.23425
4388.197504	0.23538
4386.542089	0.23742
4384.90715	0.23963
4383.254216	0.24193
4381.621726	0.2442
4379.971267	0.24605
4378.322052	0.24773
4376.693233	0.24986
4375.046485	0.25239
4373.420102	0.25531
4371.775815	0.25882
4370.132765	0.26249
4368.510032	0.26583
4366.869435	0.26899
4365.249125	0.27173
4363.610975	0.274
4361.974055	0.27611
4360.357375	0.27814
4358.722894	0.28012
4357.108623	0.28218
4355.476576	0.28428
4353.845752	0.28646
4352.23509	0.28871
4350.606692	0.29106
4348.998426	0.2935
4347.372448	0.29606
4345.747686	0.2988
4344.143009	0.30172
4342.52066	0.30479
4340.918365	0.30816
4339.298422	0.31148
4337.679688	0.3144
4336.080963	0.31699
4334.464629	0.31896
4332.868272	0.3202
4331.254331	0.32109
4329.660338	0.32169
4328.048786	0.32213
4326.438433	0.32288
4324.847982	0.32382
4323.240009	0.32533
4321.651908	0.32756
4320.046311	0.33034
4318.441906	0.33366
4316.857328	0.33748
4315.255291	0.34128
4313.673049	0.34506
4312.073374	0.34875
4310.474885	0.35218
4308.896147	0.35549
4307.300012	0.35893
4305.723598	0.36252
4304.129813	0.36603
4302.537206	0.36954
4300.964276	0.3728
4299.374011	0.3753
4297.803393	0.37715
4296.215464	0.37824
4294.628708	0.37842
4293.061554	0.378
4291.477126	0.37715
4289.912271	0.37584
4288.330167	0.37495
4286.749229	0.37443
4285.18782	0.37457
4283.609198	0.37579
4282.050074	0.37788
4280.473763	0.38056
4278.916921	0.38393
4277.342915	0.38765
4275.770066	0.39158
4274.216643	0.39568
4272.646092	0.39938
4271.094938	0.40276
4269.52668	0.40565
4267.959574	0.40773
4266.41182	0.40933
4264.846999	0.41101
4263.301501	0.41266
4261.73896	0.4145
4260.177564	0.41673
4258.635448	0.41916
4257.076325	0.42152
4255.536453	0.42382
4253.979598	0.42634
4252.423882	0.42912
4250.887373	0.43222
4249.333917	0.43593
4247.79964	0.44027
4246.24844	0.44457
4244.698372	0.44878
4243.16744	0.45267
4241.61962	0.4555
4240.090908	0.45736
4238.545331	0.4586
4237.018834	0.45907
4235.475496	0.45916
4233.933282	0.45972
4232.410104	0.46057
4230.870121	0.46176
4229.349145	0.46351
4227.811389	0.46549
4226.27475	0.46705
4224.757076	0.46829
4223.222657	0.46929
4221.707174	0.46989
4220.174968	0.47035
4218.643875	0.47139
4217.131676	0.4729
4215.602789	0.47492
4214.092769	0.47769
4212.566085	0.48096
4211.040506	0.48404
4209.533752	0.48705
4208.010369	0.48968
4206.505782	0.49149
4204.984589	0.49274
4203.464495	0.494
4201.963157	0.49518
4200.445247	0.49653
4198.946065	0.4985
4197.430333	0.50093
4195.915696	0.50328
4194.419744	0.50551
4192.907278	0.50764
4191.41347	0.50952
4189.903171	0.51117
4188.411503	0.51294
4186.903366	0.51506
4185.396315	0.51726
4183.907854	0.51919
4182.402958	0.52099
4180.916624	0.52234
4179.413879	0.52288
4177.912214	0.52291
4176.42907	0.52304
4174.929548	0.52316
4173.448521	0.52353
4171.951138	0.52458
4170.45483	0.52614
4168.976975	0.52763
4167.482799	0.52895
4166.007049	0.53015
4164.515001	0.53107
4163.024021	0.53163
4161.551426	0.53251
4160.062567	0.53404
4158.592067	0.53601
4157.105324	0.53843
4155.619644	0.54144
4154.152283	0.54457
4152.668713	0.54739
4151.203434	0.55007
4149.721969	0.55242
4148.24156	0.55434
4146.779404	0.55598
4145.301094	0.55747
4143.841009	0.55873
4142.364793	0.56003
4140.906776	0.56151
4139.432649	0.56312
4137.959572	0.56501
4136.504654	0.56725
4135.033659	0.56965
4133.580797	0.57202
4132.111881	0.57445
4130.644009	0.57669
4129.194229	0.57862
4127.728428	0.58032
4126.280694	0.5818
4124.816961	0.58302
4123.354266	0.58409
4121.909598	0.58505
4120.448964	0.58587
4119.006331	0.58678
4117.547753	0.58778
4116.090208	0.58893
4114.650625	0.59046
4113.19513	0.59239
4111.757571	0.59457
4110.304121	0.59699
4108.851699	0.59966
4107.417174	0.6022
4105.966791	0.60458
4104.534279	0.60675
4103.085931	0.60838
4101.638605	0.60953
4100.209111	0.61014
4098.763813	0.61002
4097.336322	0.6092
4095.893048	0.60825
4094.467555	0.6071
4093.026302	0.60596
4091.586062	0.60574
4090.163566	0.60645
4088.72534	0.60785
4087.304831	0.60993
4085.868615	0.61278
4084.433407	0.6156
4083.015879	0.61799
4081.582674	0.62021
4080.167124	0.62221
4078.735918	0.62388
4077.305716	0.62546
4075.89313	0.62728
4074.464921	0.62931
4073.054302	0.63129
4071.628081	0.63313
4070.202859	0.63488
4068.795189	0.63626
4067.371949	0.63709
4065.966236	0.63761
4064.544974	0.63813
4063.124705	0.63853
4061.721926	0.63901
4060.30363	0.63979
4058.902797	0.64083
4057.486468	0.64192
4056.071127	0.64301
4054.673214	0.64411
4053.259834	0.645
4051.863857	0.6455
4050.452436	0.64591
4049.058391	0.64661
4047.648923	0.64743
4046.240436	0.64867
4044.849289	0.65081
4043.442749	0.65377
4042.053525	0.65666
4040.648928	0.65916
4039.245307	0.66143
4037.858966	0.66285
4036.457282	0.66304
4035.072853	0.66262
4033.673103	0.66236
4032.274324	0.66212
4030.892762	0.662
4029.49591	0.66231
4028.116251	0.66302
4026.721323	0.66369
4025.32736	0.66403
4023.950554	0.66421
4022.558508	0.66426
4021.183595	0.66414
4019.793463	0.66392
4018.404292	0.66382
4017.032217	0.66388
4015.644953	0.66399
4014.274761	0.66404
4012.889401	0.66403
4011.521089	0.66404
4010.137628	0.66404
4008.755121	0.664
4007.389626	0.66428
4006.009014	0.66513
4004.645389	0.66638
4003.266666	0.66788
4001.888892	0.66977
4000.52807	0.67184
3999.15218	0.67352
3997.793218	0.6748
3996.419208	0.67577
3995.046143	0.6764
3993.68997	0.67661
3992.318779	0.67662
3990.964456	0.67665
3989.595136	0.67662
3988.226755	0.67655
3986.875207	0.67646
3985.50869	0.67633
3984.158984	0.67629
3982.794329	0.6764
3981.430608	0.67662
3980.083661	0.67706
3978.721796	0.6778
3977.376681	0.67875
3976.016667	0.6798
3974.657583	0.68093
3973.315215	0.6822
3971.957977	0.68364
3970.617431	0.68522
3969.262035	0.68702
3967.923308	0.6892
3966.56975	0.69179
3965.217115	0.69452
3963.881115	0.69729
3962.530313	0.70023
3961.196123	0.70272
3959.84715	0.7044
3958.499095	0.70549
3957.167618	0.70574
3955.821387	0.70481
3954.491709	0.703
3953.147298	0.70105
3951.803801	0.69886
3950.476823	0.69662
3949.135139	0.69536
3947.809952	0.69537
3946.47008	0.69617
3945.131116	0.69743
3943.808615	0.69947
3942.471457	0.70174
3941.150737	0.7034
3939.81538	0.70448
3938.480928	0.7053
3937.16288	0.70604
3935.830224	0.70656
3934.51395	0.70712
3933.183086	0.70807
3931.853122	0.7094
3930.539506	0.71063
3929.211329	0.71139
3927.899477	0.71185
3926.573083	0.71197
3925.262993	0.71154
3923.938378	0.71056
3922.614658	0.70985
3921.307207	0.70988
3919.985261	0.71035
3918.679562	0.71137
3917.359386	0.71317
3916.0401	0.7156
3914.737028	0.71801
3913.419507	0.72018
3912.118177	0.72228
3910.802418	0.72403
3909.487544	0.72529
3908.188828	0.72618
3906.875711	0.7268
3905.578729	0.72686
3904.267364	0.72668
3902.95688	0.72713
3901.662498	0.72842
3900.353762	0.73029
3899.061106	0.7327
3897.754114	0.73592
3896.447998	0.73958
3895.157929	0.74296
3893.853552	0.74611
3892.5652	0.749
3891.262559	0.75122
3889.960789	0.75299
3888.675012	0.75404
3887.374972	0.75371
3886.090903	0.75182
3884.792591	0.74877
3883.510227	0.74494
3882.213638	0.73975
3880.917915	0.7341
3879.638107	0.72958
3878.344102	0.726
3877.065992	0.72338
3875.773701	0.72226
3874.482272	0.72293
3873.206705	0.72481
3871.916986	0.72727
3870.643107	0.73081
3869.355095	0.73471
3868.067939	0.73763
3866.796591	0.73954
3865.511137	0.74073
3864.241469	0.74115
3862.957712	0.74061
3861.674808	0.73944
3860.407659	0.73815
3859.126448	0.7366
3857.86097	0.73494
3856.581449	0.73361
3855.302776	0.73252
3854.039805	0.73175
3852.762816	0.73169
3851.501508	0.73256
3850.226201	0.73402
3848.951738	0.73561
3847.692923	0.73725
3846.420137	0.73906
