9495.413715	0.40114
9487.666034	0.38728
9480.020856	0.38952
9472.298264	0.39536
9464.588243	0.40346
9456.980197	0.40664
9449.295083	0.39669
9441.711593	0.4023
9434.051265	0.4098
9426.492214	0.39845
9418.856551	0.40042
9411.233248	0.41147
9403.710704	0.4017
9396.111889	0.39716
9388.61349	0.40507
9381.039044	0.4056
9373.47681	0.40806
9366.01448	0.40409
9358.47644	0.40267
9351.037965	0.40619
9343.524004	0.41011
9336.022108	0.40923
9328.619271	0.40342
9321.141281	0.39939
9313.762015	0.39938
9306.307815	0.40216
9298.865538	0.39819
9291.521487	0.40088
9284.102831	0.40185
9276.78207	0.39634
9269.386923	0.39772
9262.003557	0.39954
9254.717592	0.39788
9247.357568	0.39382
9240.094619	0.39498
9232.757825	0.39673
9225.517782	0.39203
9218.204109	0.39631
9210.902024	0.39136
9203.696204	0.38664
9196.417076	0.38916
9189.233894	0.38507
9181.977614	0.38668
9174.732786	0.38009
9167.583425	0.37666
9160.361285	0.37999
9153.234295	0.37991
9146.034737	0.38391
9138.846495	0.37475
9131.752931	0.37398
9124.587112	0.37653
9117.515659	0.3661
9110.372159	0.35996
9103.239843	0.36397
9096.201426	0.35987
9089.091273	0.36047
9082.074709	0.36291
9074.986614	0.3579
9067.909575	0.35589
9060.925664	0.35266
9053.87053	0.3545
9046.908219	0.35024
9039.874888	0.34389
9032.852484	0.34023
9025.922449	0.34286
9018.921698	0.33785
9012.013013	0.33526
9005.033814	0.32981
8998.146382	0.31924
8991.188635	0.32155
8984.24164	0.31927
8977.385965	0.31865
8970.460274	0.31797
8963.625607	0.31483
8956.721124	0.30595
8949.827268	0.30221
8943.023994	0.30185
8936.1512	0.29937
8929.368694	0.2977
8922.516864	0.29272
8915.675541	0.28582
8908.924069	0.28196
8902.103567	0.28381
8895.372627	0.2792
8888.572851	0.27231
8881.783462	0.272
8875.083204	0.2697
8868.314399	0.26915
8861.63444	0.26642
8854.886126	0.26077
8848.148083	0.25478
8841.498457	0.25322
8834.780765	0.25807
8828.151209	0.24878
8821.453776	0.23749
8814.766497	0.23537
8808.166932	0.23784
8801.499776	0.23468
8794.920054	0.22669
8788.272929	0.22562
8781.712961	0.2216
8775.085776	0.2141
8768.468587	0.20655
8761.938141	0.20598
8755.340758	0.20726
8748.829844	0.20451
8742.252179	0.20249
8735.684397	0.19854
8729.202675	0.19295
8722.654478	0.18853
8716.19207	0.18799
8709.663372	0.18567
8703.144446	0.18382
8696.710904	0.18479
8690.211346	0.18299
8683.796903	0.17841
8677.316627	0.17434
8670.846014	0.17086
8664.460117	0.17274
8658.008658	0.16778
8651.641649	0.16375
8645.209257	0.16254
8638.786423	0.16096
8632.447644	0.15996
8626.043751	0.15912
8619.723652	0.1585
8613.338616	0.15775
8606.963033	0.15499
8600.670852	0.15362
8594.314002	0.15496
8588.040295	0.15368
8581.702095	0.15047
8575.446781	0.14612
8569.127149	0.1461
8562.816824	0.15196
8556.589001	0.15181
8550.297123	0.14872
8544.087491	0.147
8537.813978	0.1489
8531.549671	0.14921
8525.36723	0.15258
8519.121167	0.1492
8512.95672	0.14632
8506.728822	0.14777
8500.510031	0.1516
8494.372478	0.15234
8488.171733	0.15051
8482.051978	0.14449
8475.8692	0.14831
8469.69543	0.1526
8463.602278	0.15627
8457.446359	0.15961
8451.370812	0.15973
8445.232666	0.15694
8439.10343	0.15569
8433.054199	0.15756
8426.942621	0.16105
8420.910806	0.16127
8414.816809	0.15804
8408.731627	0.15818
8402.725844	0.1634
8396.65813	0.16677
8390.669575	0.16624
8384.619254	0.1636
8378.647854	0.16355
8372.614851	0.16319
8366.590531	0.16574
8360.644773	0.16925
8354.637659	0.17393
8348.708872	0.17549
8342.718892	0.17296
8336.737501	0.17165
8330.834083	0.16897
8324.869716	0.16922
8318.983088	0.17312
8313.035671	0.17497
8307.096753	0.1786
8301.235224	0.18309
8295.313148	0.18011
8289.468231	0.17976
8283.562926	0.18126
8277.666029	0.18309
8271.845945	0.18639
8265.965713	0.18864
8260.162064	0.19244
8254.298426	0.19356
8248.443106	0.19488
8242.664029	0.19694
8236.825198	0.19958
8231.062383	0.20155
8225.239971	0.20357
8219.425791	0.20763
8213.687288	0.20876
8207.889423	0.21106
8202.167013	0.21419
8196.385394	0.21338
8190.679007	0.21657
8184.913567	0.21898
8179.156238	0.22009
8173.473808	0.22475
8167.732556	0.2267
8162.065982	0.22514
8156.340739	0.22802
8150.623523	0.23202
8144.980656	0.23255
8139.279348	0.22882
8133.652172	0.23085
8127.966708	0.23535
8122.289186	0.2372
8116.68547	0.24012
8111.023692	0.24407
8105.435505	0.24482
8099.789405	0.24462
8094.151166	0.24671
8088.586196	0.24903
8082.963538	0.25092
8077.413935	0.25364
8071.806793	0.2551
8066.207431	0.25338
8060.680805	0.25345
8055.096863	0.25666
8049.585446	0.26145
8044.01686	0.26255
8038.520591	0.26317
8032.967298	0.2632
8027.421672	0.26494
8021.94805	0.26913
8016.417623	0.27175
8010.958992	0.27058
8005.443702	0.26967
7999.936001	0.27158
7994.499784	0.27542
7989.007126	0.27986
7983.585748	0.28112
7978.108071	0.28162
7972.637907	0.28394
7967.238714	0.28563
7961.783439	0.28445
7956.398934	0.28517
7950.958488	0.28865
7945.525477	0.29177
7940.162932	0.29436
7934.74466	0.29582
7929.396652	0.2981
7923.993059	0.29942
7918.596825	0.29863
7913.270555	0.29986
7907.88891	0.3024
7902.57703	0.30535
7897.209916	0.30827
7891.850086	0.30892
7886.559725	0.31123
7881.214338	0.31504
7875.938221	0.31672
7870.607217	0.31709
7865.345289	0.31878
7860.028611	0.32269
7854.719115	0.32611
7849.478402	0.32775
7844.183146	0.32797
7838.956478	0.32825
7833.675404	0.33045
7828.40144	0.33288
7823.195775	0.33334
7817.935909	0.33481
7812.744148	0.33751
7807.498321	0.34058
7802.259534	0.34408
7797.088567	0.34579
7791.863736	0.34781
7786.706535	0.35041
7781.495603	0.34942
7776.291642	0.34854
7771.155027	0.35047
7765.964882	0.35436
7760.841896	0.35767
7755.665514	0.36063
7750.496032	0.3615
7745.393427	0.36199
7740.237625	0.36417
7735.148515	0.36472
7730.006339	0.36458
7724.870995	0.36649
7719.802064	0.36662
7714.680265	0.36616
7709.624695	0.36871
7704.516388	0.3698
7699.474126	0.36939
7694.379256	0.37095
7689.291124	0.37273
7684.268765	0.37422
7679.193992	0.37486
7674.18481	0.37493
7669.123343	0.37596
7664.068547	0.37691
7659.079072	0.37887
7654.037505	0.38278
7649.061078	0.3843
7644.032686	0.38381
7639.010901	0.38492
7634.053988	0.38548
7629.045301	0.38469
7624.101309	0.38608
7619.105669	0.38993
7614.116572	0.39266
7609.191904	0.39324
7604.215777	0.39232
7599.303904	0.3915
7594.340697	0.39155
7589.38397	0.39192
7584.491232	0.39188
7579.547349	0.39201
7574.667283	0.39336
7569.736195	0.39492
7564.811523	0.39721
7559.950407	0.39971
7555.038455	0.40064
7550.189887	0.39967
7545.290607	0.39831
7540.454539	0.39867
7535.56788	0.39963
7530.687552	0.40179
7525.870179	0.40327
7521.002399	0.40425
7516.197405	0.40691
7511.342127	0.40943
7506.493117	0.41119
7501.706638	0.41057
7496.870057	0.40785
7492.095839	0.40715
7487.271638	0.40857
7482.453646	0.40998
7477.697766	0.4087
7472.892084	0.40484
7468.148347	0.40133
7463.354927	0.39927
7458.567657	0.40183
7453.842083	0.40579
7449.067004	0.40479
7444.353458	0.40319
7439.590525	0.40451
7434.833683	0.40621
7430.138126	0.4082
7425.39336	0.40851
7420.709717	0.40784
7415.976981	0.40824
7411.250278	0.40808
7406.584454	0.40859
7401.869712	0.40921
7397.215688	0.40854
7392.512863	0.40725
7387.870594	0.40613
7383.17964	0.40678
7378.49464	0.40894
7373.869954	0.41115
7369.196758	0.41093
7364.583717	0.40938
7359.922279	0.4088
7355.266739	0.40865
7350.671116	0.40885
7346.027268	0.41141
7341.443181	0.41651
7336.810982	0.41944
7332.184624	0.41756
7327.617791	0.41449
7323.003017	0.41384
7318.447611	0.41464
7313.844376	0.41595
7309.246928	0.41606
7304.708615	0.4163
7300.122642	0.41785
7295.595649	0.41769
7291.021108	0.41821
7286.452299	0.4205
7281.94224	0.4209
7277.384799	0.42158
7272.885954	0.42369
7268.339838	0.42285
7263.852166	0.4202
7259.317334	0.41936
7254.78816	0.42013
7250.317201	0.42287
7245.799248	0.427
7241.339358	0.43053
7236.832583	0.43257
7232.331414	0.43212
7227.888083	0.42951
7223.398031	0.42818
7218.965667	0.42874
7214.486689	0.43023
7210.013266	0.43254
7205.597308	0.43521
7201.134899	0.43596
7196.729806	0.43506
7192.27837	0.43653
7187.832437	0.44057
7183.443599	0.4431
7179.008579	0.44372
7174.630507	0.44541
7170.206359	0.44804
7165.787663	0.44984
7161.425697	0.45127
7157.017814	0.45261
7152.666514	0.45362
7148.269404	0.45369
7143.877697	0.4522
7139.542355	0.45041
7135.161362	0.44996
7130.83659	0.45097
7126.46627	0.453
7122.152029	0.45481
7117.792346	0.45504
7113.437996	0.45548
7109.13951	0.45824
7104.795737	0.46153
7100.507686	0.46314
7096.174452	0.46326
7091.846504	0.46291
7087.574065	0.46336
7083.256598	0.46369
7078.9945	0.46252
7074.687476	0.46126
7070.38569	0.46128
7066.139062	0.46056
7061.847662	0.45916
7057.611281	0.45972
7053.33023	0.46333
7049.054369	0.46739
7044.833319	0.46886
7040.567751	0.46895
7036.356856	0.46874
7032.101544	0.46702
7027.851375	0.46464
7023.655672	0.4638
7019.415704	0.46354
7015.230064	0.46337
7011.000259	0.46421
7006.775552	0.4648
7002.604969	0.46535
6998.39037	0.46641
6994.22976	0.46731
6990.025234	0.46867
6985.874562	0.46955
6981.680071	0.46905
6977.490615	0.46816
6973.354811	0.46697
6969.175337	0.46627
6965.049382	0.46672
6960.879855	0.46695
6956.715317	0.46615
6952.604098	0.46513
6948.449454	0.4652
6944.347995	0.46517
6940.203209	0.46317
6936.063368	0.46055
6931.976514	0.4589
6927.846479	0.45828
6923.7693	0.45785
6919.649035	0.45689
6915.533672	0.45594
6911.470968	0.45698
6907.365324	0.45993
6903.312209	0.46167
6899.216249	0.46088
6895.125147	0.45809
6891.08638	0.45439
6887.00491	0.45249
6882.975648	0.45326
6878.903778	0.45437
6874.836723	0.45326
6870.821682	0.45005
6866.764175	0.44721
6862.758554	0.44646
6858.710562	0.44754
6854.71433	0.44853
6850.675819	0.44721
6846.642064	0.44422
6842.659879	0.44229
6838.635555	0.44155
6834.662675	0.44082
6830.64775	0.44109
6826.63754	0.44234
6822.678584	0.44193
6818.677722	0.43988
6814.72799	0.43845
6810.736445	0.43662
6806.749573	0.4335
6802.813644	0.43117
6798.836039	0.42968
6794.909254	0.42796
6790.940885	0.4268
6786.977148	0.42626
6783.064046	0.42538
6779.109496	0.4244
6775.205458	0.42425
6771.260064	0.42415
6767.319262	0.42268
6763.428788	0.42037
6759.497093	0.41749
6755.615605	0.41285
6751.692987	0.40733
6747.774921	0.40352
6743.90688	0.40207
6739.997843	0.40115
6736.138711	0.39823
6732.238671	0.3925
6728.388416	0.3863
6724.497344	0.38244
6720.610769	0.3806
6716.773799	0.37929
6712.896145	0.37833
6709.067976	0.37733
6705.199211	0.37592
6701.334906	0.37527
6697.519908	0.37595
6693.664447	0.37595
6689.858175	0.37379
6686.011527	0.37135
6682.169299	0.37047
6678.376086	0.36979
6674.542627	0.36761
6670.758065	0.36449
6666.933344	0.36215
6663.113006	0.36152
6659.341391	0.36146
6655.529747	0.36012
6651.766709	0.35803
6647.963729	0.35592
6644.165094	0.35239
6640.414893	0.34772
6636.624878	0.34433
6632.883182	0.34236
6629.101757	0.34001
6625.368536	0.33722
6621.595672	0.33545
6617.827103	0.33435
6614.106566	0.3319
6610.346514	0.32806
6606.634382	0.32469
6602.882819	0.32238
6599.135513	0.32044
6595.435958	0.31794
6591.697098	0.31434
6588.005877	0.31126
6584.275433	0.30997
6580.549213	0.30905
6576.870462	0.3071
6573.152615	0.30415
6569.482128	0.30044
6565.772627	0.29653
6562.067314	0.29341
6558.409192	0.29078
6554.712183	0.28735
6551.062255	0.28345
6547.373521	0.28078
6543.688939	0.27959
6540.051274	0.2785
6536.374926	0.2765
6532.745386	0.27348
6529.077246	0.27005
6525.413222	0.26655
6521.795842	0.26265
6518.139984	0.25865
6514.530661	0.2552
6510.882941	0.25252
6507.281648	0.25038
6503.64204	0.24822
6500.0065	0.2462
6496.417226	0.24463
6492.789757	0.24271
6489.208446	0.23974
6485.589021	0.23628
6481.973631	0.23298
6478.404239	0.22972
6474.796853	0.22624
6471.235359	0.223
6467.63595	0.22142
6464.040542	0.22143
6460.490868	0.22046
6456.903398	0.21844
6453.361556	0.21677
6449.781997	0.21479
6446.206408	0.21219
6442.676288	0.21003
6439.10857	0.20888
6435.586218	0.20824
6432.026346	0.20768
6428.47041	0.20705
6424.959683	0.20581
6421.411555	0.20347
6417.908532	0.20092
6414.368185	0.20011
6410.831741	0.20133
6407.340249	0.20244
6403.811549	0.20181
6400.327697	0.20003
6396.806714	0.19864
6393.330478	0.1981
6389.817187	0.19729
6386.307756	0.19514
6382.842918	0.19216
6379.341142	0.18959
6375.883857	0.1878
6372.38971	0.18701
6368.89939	0.18766
6365.453411	0.18899
6361.970684	0.1898
6358.532196	0.18985
6355.057037	0.18974
6351.585673	0.18988
6348.158399	0.19083
6344.694566	0.19299
6341.274723	0.19487
6337.818396	0.19561
6334.365835	0.19563
6330.957114	0.19539
6327.512022	0.19543
6324.110672	0.19614
6320.673025	0.19716
6317.239114	0.19726
6313.848796	0.19612
6310.422293	0.19515
6307.039287	0.19569
6303.620169	0.19789
6300.204757	0.20119
6296.832693	0.20491
6293.42463	0.20835
6290.059818	0.21089
6286.659081	0.21273
6283.301498	0.21474
6279.908062	0.21679
6276.51829	0.21875
6273.171527	0.22119
6269.789022	0.22445
6266.44943	0.22796
6263.074167	0.23043
6259.702539	0.23141
6256.373681	0.23228
6253.009261	0.23409
6249.687516	0.23667
6246.330281	0.23936
6242.976651	0.24165
6239.665554	0.24354
6236.319075	0.24561
6233.015034	0.24887
6229.675683	0.25344
6226.339908	0.25809
6223.04643	0.26216
6219.717749	0.26558
6216.431271	0.26835
6213.109661	0.26993
6209.791599	0.27051
6206.5156	0.27177
6203.204575	0.27463
6199.935521	0.27862
6196.631511	0.28242
6193.331021	0.28494
6190.072362	0.28633
6186.778854	0.28829
6183.527084	0.29172
6180.240535	0.29615
6176.995633	0.30038
6173.716021	0.3034
6170.439891	0.30507
6167.205269	0.30642
6163.936043	0.30818
6160.708235	0.31052
6157.445891	0.31292
6154.187001	0.31481
6150.969393	0.31605
6147.717353	0.31722
6144.506504	0.31813
6141.261292	0.31929
6138.019507	0.32223
6134.818777	0.32676
6131.583788	0.33131
6128.389766	0.33392
6125.161551	0.33476
6121.936736	0.33594
6118.752753	0.33887
6115.534681	0.34318
6112.357353	0.34746
6109.146002	0.35042
6105.938025	0.35305
6102.770658	0.35625
6099.56937	0.35942
6096.408606	0.36229
6093.213988	0.36491
6090.022716	0.36749
6086.871835	0.36982
6083.687201	0.37179
6080.542871	0.37333
6077.364855	0.37482
6074.227055	0.3769
6071.055635	0.37961
6067.887526	0.38146
6064.759502	0.38223
6061.597958	0.38232
6058.476414	0.38242
6055.321416	0.38314
6052.169703	0.3854
6049.057859	0.38842
6045.912661	0.39094
6042.807247	0.39262
6039.668543	0.39415
6036.533098	0.39612
6033.43731	0.39787
6030.30833	0.39967
6027.218921	0.40167
6024.096386	0.40368
6020.977084	0.40469
6017.897226	0.40495
6014.78434	0.4056
6011.710813	0.40739
6008.604321	0.41035
6005.501039	0.41322
6002.436989	0.41447
5999.340073	0.41484
5996.282305	0.41541
5993.191734	0.417
5990.140229	0.41903
5987.055985	0.42093
5983.974915	0.42261
5980.932786	0.42386
5977.858014	0.4245
5974.8221	0.42498
5971.753605	0.42647
5968.688261	0.42895
5965.661652	0.4318
5962.602557	0.43407
5959.582114	0.43538
5956.52925	0.43611
5953.479511	0.43696
5950.468302	0.43867
5947.424765	0.44184
5944.419676	0.44612
5941.382322	0.4499
5938.34807	0.45195
5935.352144	0.45187
5932.324047	0.45118
5929.334195	0.45128
5926.312234	0.45154
5923.293351	0.45183
5920.312593	0.45254
5917.299818	0.45447
5914.325087	0.45676
5911.318401	0.45889
5908.314771	0.46055
5905.349065	0.46187
5902.351497	0.46311
5899.391773	0.4646
5896.400248	0.46647
5893.446488	0.46867
5890.460987	0.47115
5887.478511	0.47438
5884.53368	0.47813
5881.557201	0.4818
5878.61829	0.48411
5875.64779	0.48562
5872.680291	0.48696
5869.750242	0.48846
5866.788696	0.4896
5863.864521	0.49061
5860.90891	0.49203
5857.956276	0.49399
5855.040897	0.49609
5852.094172	0.49873
5849.184624	0.50214
5846.243788	0.50571
5843.305909	0.50825
5840.40509	0.50959
5837.473075	0.51103
5834.578043	0.51285
5831.651874	0.51487
5828.728638	0.51672
5825.842271	0.51884
5822.924855	0.52116
5820.044232	0.52337
5817.132619	0.52524
5814.223917	0.52713
5811.351895	0.52923
5808.44897	0.53162
5805.582648	0.53408
5802.685483	0.53601
5799.824845	0.53732
5796.933422	0.53818
5794.044881	0.53938
5791.192754	0.54082
5788.309929	0.54236
5785.463445	0.54388
5782.58632	0.5462
5779.712055	0.54986
5776.874018	0.55453
5774.005428	0.55929
5771.172991	0.56304
5768.310058	0.56593
5765.449965	0.5682
5762.625913	0.57033
5759.771452	0.57267
5756.95296	0.57511
5754.104115	0.57749
5751.258088	0.57945
5748.447919	0.57998
5745.607483	0.57907
5742.802832	0.57714
5739.967971	0.57623
5737.135907	0.57687
5734.339519	0.57865
5731.513005	0.58083
5728.722094	0.58326
5725.901114	0.58583
5723.08291	0.58822
5720.300201	0.58972
5717.487507	0.59079
5714.710236	0.59194
5711.903035	0.59332
5709.131184	0.59369
5706.329461	0.59273
5703.530485	0.5914
5700.766753	0.59122
5697.973231	0.59327
5695.21488	0.59635
5692.426795	0.59951
5689.641439	0.60159
5686.891147	0.60306
5684.111204	0.60446
5681.366255	0.60632
5678.591709	0.60861
5675.819872	0.61061
5673.082923	0.61194
5670.31646	0.61239
5667.584815	0.61281
5664.823711	0.61347
5662.065295	0.61452
5659.341592	0.61514
5656.588511	0.61469
5653.870074	0.61316
5651.122313	0.61125
5648.377221	0.61042
5645.666669	0.61101
5642.926873	0.61319
5640.221548	0.61645
5637.487034	0.62039
5634.75517	0.62457
5632.057672	0.62818
5629.331067	0.63052
5626.638759	0.63162
5623.917396	0.6318
5621.230262	0.63268
5618.514128	0.63484
5615.800617	0.63868
5613.121232	0.6429
5610.412926	0.64611
5607.738679	0.64769
5605.035564	0.64769
5602.335053	0.64716
5599.6685	0.64664
5596.973157	0.64665
5594.311704	0.64769
5591.621514	0.64946
5588.933911	0.65161
5586.280096	0.65276
5583.597624	0.65311
5580.948873	0.65295
5578.271517	0.65366
5575.596728	0.65537
5572.955561	0.65795
5570.285867	0.66076
5567.649728	0.66322
5564.985114	0.66508
5562.323049	0.66604
5559.694439	0.66616
5557.037432	0.66591
5554.413815	0.66586
5551.761852	0.66694
5549.143212	0.66886
5546.496278	0.67134
5543.851868	0.67331
5541.240684	0.67463
5538.601282	0.67524
5535.99504	0.67565
5533.360631	0.67652
5530.728729	0.67818
5528.129889	0.68076
5525.502959	0.68324
5522.909027	0.68518
5520.287055	0.68602
5517.667572	0.68684
5515.080989	0.68789
5512.466443	0.68932
5509.884733	0.69025
5507.27511	0.69072
5504.667958	0.69111
5502.093547	0.69213
5499.491297	0.69374
5496.921724	0.6957
5494.324363	0.69734
5491.729455	0.69851
5489.167129	0.699
5486.577089	0.6993
5484.019567	0.69969
5481.434382	0.70055
5478.851633	0.70207
5476.301306	0.70396
5473.723391	0.70577
5471.177835	0.70684
5468.60474	0.70719
5466.063942	0.70685
5463.495654	0.70607
5460.929778	0.7052
5458.396105	0.70487
5455.835016	0.7054
5453.306067	0.70658
5450.749751	0.70795
5448.19583	0.70886
5445.673957	0.70912
5443.124789	0.70847
5440.607607	0.70751
5438.063179	0.70647
5435.521131	0.70588
5433.010975	0.70549
5430.473646	0.7052
5427.968149	0.70461
5425.435527	0.70395
5422.905267	0.70338
5420.406747	0.70336
5417.881175	0.70395
5415.387281	0.70518
5412.866383	0.70655
5410.347831	0.70754
5407.860867	0.70766
5405.346969	0.7075
5402.864599	0.70755
5400.355343	0.70839
5397.848418	0.70959
5395.372928	0.71097
5392.870625	0.71216
5390.399698	0.7135
5387.902005	0.715
5385.435628	0.71659
5382.942532	0.71839
5380.451743	0.72041
5377.99218	0.72274
5375.505969	0.72474
5373.050926	0.72605
5370.56928	0.72646
5368.089926	0.72628
5365.64165	0.72577
5363.166843	0.72491
5360.723054	0.72363
5358.252781	0.7217
5355.784783	0.71964
5353.347716	0.71781
5350.884234	0.71733
5348.451623	0.71806
5345.992644	0.71998
5343.535925	0.72189
5341.109989	0.72335
5338.657755	0.7238
5336.236246	0.72409
5333.788483	0.72436
5331.342965	0.72505
5328.928086	0.7252
5326.487022	0.72467
5324.076539	0.72366
5321.639917	0.72293
5319.205523	0.72301
5316.801625	0.72352
5314.371655	0.72427
5311.972123	0.72491
5309.546565	0.72584
5307.151386	0.72701
5304.730228	0.72791
5302.311277	0.72812
5299.922621	0.72734
5297.508052	0.72682
5295.123721	0.72686
5292.713521	0.72816
5290.305515	0.72979
5287.927661	0.73155
5285.524007	0.73301
5283.150448	0.73414
5280.751134	0.73489
5278.353998	0.7345
5275.986873	0.7331
5273.59406	0.73076
5271.231201	0.72881
5268.842699	0.72769
5266.45636	0.72801
5264.099892	0.72906
5261.717846	0.73024
5259.365615	0.73102
5256.987851	0.73126
5254.612236	0.73065
5252.266353	0.72917
5249.895002	0.72672
5247.553328	0.72486
5245.18623	0.72368
5242.821267	0.72357
5240.485898	0.72329
5238.12517	0.7224
5235.793982	0.72094
5233.437479	0.71925
5231.11046	0.71778
5228.75817	0.71678
5226.407994	0.71633
5224.087221	0.71632
5221.741242	0.71663
5219.424611	0.71709
5217.082816	0.71782
5214.743122	0.71873
5212.432694	0.71936
5210.097168	0.71944
5207.790855	0.71855
5205.459486	0.71764
5203.130203	0.71689
5200.830052	0.71685
5198.50491	0.71706
5196.208846	0.7172
5193.887833	0.7171
5191.568892	0.71675
5189.27895	0.71627
5186.964122	0.71543
5184.678239	0.71403
5182.367513	0.7121
5180.058845	0.70972
5177.779043	0.70746
5175.474462	0.70518
5173.198692	0.70276
5170.898185	0.70024
5168.626438	0.69774
5166.329994	0.69627
5164.035591	0.69569
5161.769868	0.69619
5159.479512	0.69671
5157.217784	0.69693
5154.931465	0.6964
5152.647172	0.69528
5150.39143	0.69383
5148.111158	0.69238
5145.859384	0.69114
5143.583123	0.69003
5141.308874	0.68898
5139.063046	0.68768
5136.792792	0.68626
5134.550907	0.68479
5132.284637	0.68325
5130.020366	0.68165
5127.784387	0.67986
5125.524085	0.67808
5123.292023	0.67659
5121.035678	0.67532
5118.781321	0.67427
5116.555126	0.67311
5114.30471	0.6719
5112.082407	0.67086
5109.835923	0.67
5107.591413	0.66943
5105.374939	0.66895
5103.134345	0.66855
5100.921737	0.66845
5098.685049	0.66848
5096.476296	0.66849
5094.243505	0.66776
5092.012669	0.66583
5089.809692	0.66322
5087.582737	0.66008
5085.38359	0.65743
5083.160506	0.65497
5080.939364	0.65251
5078.745956	0.64971
5076.52867	0.64633
5074.339067	0.64296
5072.125626	0.63978
5069.914116	0.63772
5067.730214	0.63664
5065.522534	0.63673
5063.342414	0.6372
5061.138554	0.63776
5058.936612	0.63769
5056.762155	0.63693
5054.564019	0.63545
5052.393319	0.63357
5050.198978	0.6318
5048.006542	0.63024
5045.84147	0.62913
5043.652815	0.62772
5041.491475	0.62593
5039.306591	0.62337
5037.123601	0.62035
5034.967852	0.61759
5032.788618	0.6153
5030.636577	0.61387
5028.46109	0.61299
5026.312747	0.61262
5024.140997	0.61256
5021.971124	0.6127
5019.828322	0.61243
5017.662171	0.61165
5015.523044	0.60988
5013.360606	0.60776
5011.200032	0.60551
5009.06641	0.60382
5006.909535	0.60282
5004.779564	0.60185
5002.626379	0.60079
5000.475045	0.59891
4998.350544	0.59677
4996.202886	0.59494
4994.082013	0.59366
4991.93802	0.5933
4989.795867	0.59295
4987.680429	0.59247
4985.541928	0.5915
4983.430095	0.59022
4981.295236	0.58943
4979.162206	0.58911
4977.055773	0.58971
4974.926371	0.59042
4972.823519	0.59081
4970.697737	0.59047
4968.573771	0.58925
4966.476285	0.5874
4964.355924	0.58499
4962.261998	0.5823
4960.145233	0.57954
4958.054856	0.57753
4955.941678	0.57613
4953.830302	0.57558
4951.745243	0.57507
4949.637439	0.57407
4947.555907	0.57279
4945.451668	0.57119
4943.349218	0.57
4941.272971	0.56923
4939.174071	0.56823
4937.101329	0.56693
4935.005971	0.56466
4932.912391	0.56178
4930.8449	0.55866
4928.754849	0.55548
4926.69084	0.55248
4924.604308	0.54959
4922.519542	0.54675
4920.460752	0.54445
4918.379492	0.54278
4916.324163	0.54181
4914.2464	0.54148
4912.170393	0.5408
4910.120249	0.53984
4908.047726	0.53845
4906.00102	0.53689
4903.931973	0.53567
4901.864669	0.53462
4899.823116	0.53372
4897.759275	0.53277
4895.72114	0.53164
4893.660752	0.53022
4891.626025	0.52842
4889.569082	0.52648
4887.513868	0.52446
4885.484249	0.5224
4883.432467	0.5203
4881.406236	0.51767
4879.357877	0.51464
4877.311236	0.51155
4875.29008	0.50851
4873.246849	0.50597
4871.22906	0.50371
4869.189231	0.50156
4867.15111	0.49954
4865.138365	0.49758
4863.103633	0.49589
4861.094232	0.4946
4859.062881	0.49369
4857.033227	0.49324
4855.028839	0.49284
4853.002553	0.49245
4851.001489	0.49153
4848.978563	0.48999
4846.957323	0.48794
4844.96124	0.48541
4842.943347	0.48322
4840.950569	0.48136
4838.936015	0.48007
4836.923136	0.47924
4834.935309	0.47844
4832.925757	0.47779
4830.941212	0.47752
4828.934978	0.47753
4826.95371	0.47792
4824.950786	0.47818
4822.949523	0.47759
4820.973162	0.47624
4818.975197	0.47385
4817.002091	0.4709
4815.007415	0.46764
4813.014391	0.46438
4811.046162	0.46134
4809.056415	0.4586
4807.091421	0.45633
4805.104943	0.45408
4803.120107	0.45172
4801.15996	0.44907
4799.178381	0.44595
4797.221449	0.44293
4795.243119	0.44006
4793.266419	0.43773
4791.314305	0.43604
4789.340843	0.43491
4787.391925	0.43437
4785.421691	0.43396
4783.453079	0.43366
4781.508949	0.43271
4779.543554	0.43106
4777.602599	0.4288
4775.640413	0.42591
4773.702627	0.42328
4771.743643	0.42092
4769.786266	0.41902
4767.853226	0.41755
4765.899039	0.41605
4763.969149	0.41454
4762.018143	0.4128
4760.068735	0.41088
4758.143563	0.40908
4756.197325	0.40737
4754.275282	0.40599
4752.332207	0.40489
4750.39072	0.40374
4748.473366	0.40253
4746.535029	0.40087
4744.620786	0.39883
4742.685593	0.39664
4740.751978	0.39437
4738.842396	0.39288
4736.911912	0.39209
4735.005422	0.39211
4733.078063	0.39281
4731.152272	0.39288
4729.250414	0.39237
4727.327736	0.39046
4725.428951	0.38727
4723.509379	0.38365
4721.591365	0.37963
4719.697184	0.37622
4717.782265	0.3734
4715.891138	0.37099
4713.979306	0.36898
4712.091226	0.36663
4710.182472	0.36394
4708.275265	0.36113
4706.391751	0.35817
4704.487611	0.35581
4702.607125	0.35413
4700.706046	0.35284
4698.806503	0.35198
4696.930556	0.35097
4695.034062	0.34969
4693.161126	0.34828
4691.267674	0.34677
4689.37575	0.34493
4687.507324	0.34275
4685.618431	0.33996
4683.752998	0.33628
4681.867129	0.33244
4679.982778	0.32858
4678.121828	0.32518
4676.24049	0.32269
4674.382514	0.32071
4672.504182	0.31919
4670.627359	0.31783
4668.77384	0.31634
4666.900012	0.31461
4665.04945	0.31231
4663.178609	0.30952
4661.309269	0.30606
4659.463137	0.3022
4657.596773	0.29845
4655.75358	0.2948
4653.890187	0.29165
4652.049926	0.28893
4650.189495	0.28652
4648.330552	0.28443
4646.494684	0.28261
4644.638694	0.28108
4642.80574	0.27959
4640.952695	0.27814
4639.101128	0.27652
4637.272542	0.27468
4635.42391	0.27277
4633.598221	0.27082
4631.752516	0.2688
4629.908282	0.26676
4628.086934	0.26455
4626.245617	0.26201
4624.427149	0.25932
4622.588742	0.25655
4620.751796	0.25387
4618.937644	0.25166
4617.103599	0.24977
4615.29231	0.24814
4613.461157	0.24671
4611.631457	0.24514
4609.824458	0.24347
4607.997641	0.24159
4606.193488	0.2395
4604.369547	0.23731
4602.54705	0.235
4600.747161	0.23287
4598.92753	0.23103
4597.130471	0.22938
4595.313699	0.22795
4593.519463	0.22658
4591.705543	0.22509
4589.893055	0.22356
4588.103049	0.22206
4586.293404	0.22054
4584.506203	0.21892
4582.699393	0.21722
4580.894007	0.21553
4579.111011	0.21383
4577.308451	0.21258
4575.528245	0.21187
4573.728503	0.21127
4571.930177	0.21089
4570.154151	0.20998
4568.358634	0.20806
4566.585381	0.20545
4564.792667	0.20204
4563.00136	0.19826
4561.232263	0.1949
4559.443748	0.19182
4557.677408	0.18928
4555.891679	0.18723
4554.107349	0.18524
4552.345141	0.1833
4550.563587	0.18132
4548.804119	0.17921
4547.025336	0.17726
4545.247943	0.17558
4543.492583	0.17427
4541.71795	0.17357
4539.965315	0.17333
4538.193436	0.1734
4536.443519	0.17374
4534.674388	0.17366
4532.906636	0.17323
4531.160793	0.17229
4529.395779	0.17066
4527.652638	0.16912
4525.890356	0.16791
4524.129444	0.16708
4522.390355	0.16696
4520.632165	0.16718
4518.895763	0.16719
4517.140289	0.1671
4515.386178	0.16687
4513.653803	0.16648
4511.902399	0.1664
4510.172695	0.16674
4508.42399	0.16718
4506.676641	0.1678
4504.950941	0.16816
4503.206283	0.16767
4501.483239	0.1666
4499.741265	0.16499
4498.000639	0.16292
4496.281575	0.16154
4494.543624	0.16081
4492.827201	0.16099
4491.091919	0.1624
4489.378131	0.16427
4487.645512	0.16624
4485.914229	0.16816
4484.20439	0.16932
4482.475761	0.16995
4480.768541	0.17037
4479.04256	0.17049
4477.317907	0.17091
4475.614614	0.17179
4473.8926	0.17293
4472.191911	0.1744
4470.472529	0.17596
4468.754469	0.17723
4467.057683	0.17829
4465.342246	0.17896
4463.64805	0.1792
4461.935231	0.17942
4460.223725	0.17958
4458.53341	0.18005
4456.824513	0.18117
4455.136773	0.18273
4453.430477	0.18461
4451.725489	0.18679
4450.041608	0.18869
4448.339213	0.19031
4446.657892	0.19168
4444.958084	0.19275
4443.259575	0.19366
4441.582092	0.19451
4439.886161	0.19526
4438.211223	0.19583
4436.517866	0.19622
4434.845468	0.19681
4433.154677	0.19753
4431.465175	0.19876
4429.796584	0.20086
4428.10964	0.20351
4426.443574	0.20649
4424.759182	0.20981
4423.076072	0.21289
4421.413791	0.2157
4419.733225	0.21844
4418.073455	0.22116
4416.395426	0.22386
4414.718672	0.22663
4413.062665	0.22939
4411.38844	0.23182
4409.734931	0.23388
4408.063229	0.23593
4406.392795	0.23804
4404.743027	0.24021
4403.075108	0.24262
4401.427823	0.24512
4399.762413	0.24718
4398.098262	0.24882
4396.454699	0.25047
4394.793049	0.2521
4393.151955	0.25403
4391.4928	0.25674
4389.834898	0.26
4388.197504	0.26352
4386.542089	0.26739
4384.90715	0.27103
4383.254216	0.27432
4381.621726	0.27726
4379.971267	0.2796
4378.322052	0.28156
4376.693233	0.28373
4375.046485	0.28602
4373.420102	0.28875
4371.775815	0.29224
4370.132765	0.29598
4368.510032	0.29951
4366.869435	0.30291
4365.249125	0.30563
4363.610975	0.30757
4361.974055	0.3092
4360.357375	0.3106
4358.722894	0.3119
4357.108623	0.31352
4355.476576	0.31537
4353.845752	0.31729
4352.23509	0.31927
4350.606692	0.3213
4348.998426	0.32334
4347.372448	0.32545
4345.747686	0.32775
4344.143009	0.33028
4342.52066	0.33269
4340.918365	0.33489
4339.298422	0.33694
4337.679688	0.33867
4336.080963	0.3402
4334.464629	0.34231
4332.868272	0.34499
4331.254331	0.34829
4329.660338	0.35249
4328.048786	0.35724
4326.438433	0.3619
4324.847982	0.3666
4323.240009	0.37098
4321.651908	0.37494
4320.046311	0.37851
4318.441906	0.38165
4316.857328	0.38436
4315.255291	0.3867
4313.673049	0.38863
4312.073374	0.3903
4310.474885	0.39181
4308.896147	0.39314
4307.300012	0.39436
4305.723598	0.39542
4304.129813	0.39654
4302.537206	0.39772
4300.964276	0.39911
4299.374011	0.40112
4297.803393	0.40366
4296.215464	0.40661
4294.628708	0.41013
4293.061554	0.41377
4291.477126	0.41704
4289.912271	0.42008
4288.330167	0.42272
4286.749229	0.42487
4285.18782	0.42682
4283.609198	0.42879
4282.050074	0.4307
4280.473763	0.43271
4278.916921	0.43478
4277.342915	0.437
4275.770066	0.43946
4274.216643	0.4421
4272.646092	0.44481
4271.094938	0.44769
4269.52668	0.45035
4267.959574	0.45256
4266.41182	0.45445
4264.846999	0.45608
4263.301501	0.45738
4261.73896	0.45872
4260.177564	0.46029
4258.635448	0.46198
4257.076325	0.4638
4255.536453	0.46578
4253.979598	0.46765
4252.423882	0.46922
4250.887373	0.47071
4249.333917	0.47236
4247.79964	0.47409
4246.24844	0.47618
4244.698372	0.47891
4243.16744	0.48191
4241.61962	0.48466
4240.090908	0.48726
4238.545331	0.48964
4237.018834	0.4916
4235.475496	0.49343
4233.933282	0.49567
4232.410104	0.49826
4230.870121	0.50088
4229.349145	0.50354
4227.811389	0.5061
4226.27475	0.50806
4224.757076	0.50943
4223.222657	0.51067
4221.707174	0.51188
4220.174968	0.51313
4218.643875	0.51495
4217.131676	0.51741
4215.602789	0.51997
4214.092769	0.52245
4212.566085	0.52485
4211.040506	0.5267
4209.533752	0.52785
4208.010369	0.52893
4206.505782	0.53031
4204.984589	0.53185
4203.464495	0.53393
4201.963157	0.53676
4200.445247	0.53974
4198.946065	0.54241
4197.430333	0.54495
4195.915696	0.54692
4194.419744	0.54815
4192.907278	0.54896
4191.41347	0.54961
4189.903171	0.54999
4188.411503	0.55046
4186.903366	0.55112
4185.396315	0.55192
4183.907854	0.5529
4182.402958	0.55409
4180.916624	0.55539
4179.413879	0.5568
4177.912214	0.5583
4176.42907	0.55975
4174.929548	0.5612
4173.448521	0.56254
4171.951138	0.56364
4170.45483	0.56454
4168.976975	0.5655
4167.482799	0.5664
4166.007049	0.56752
4164.515001	0.56937
4163.024021	0.57189
4161.551426	0.57473
4160.062567	0.57796
4158.592067	0.58139
4157.105324	0.58415
4155.619644	0.58624
4154.152283	0.58787
4152.668713	0.58899
4151.203434	0.58962
4149.721969	0.59053
4148.24156	0.59189
4146.779404	0.59357
4145.301094	0.59576
4143.841009	0.59854
4142.364793	0.60131
4140.906776	0.60374
4139.432649	0.60598
4137.959572	0.60781
4136.504654	0.60907
4135.033659	0.61012
4133.580797	0.61136
4132.111881	0.61265
4130.644009	0.614
4129.194229	0.61548
4127.728428	0.61701
4126.280694	0.61844
4124.816961	0.61971
4123.354266	0.62103
4121.909598	0.62256
4120.448964	0.62424
4119.006331	0.62606
4117.547753	0.62805
4116.090208	0.63014
4114.650625	0.63217
4113.19513	0.63414
4111.757571	0.63612
4110.304121	0.6382
4108.851699	0.64035
4107.417174	0.64237
4105.966791	0.64418
4104.534279	0.64583
4103.085931	0.64722
4101.638605	0.64825
4100.209111	0.64924
4098.763813	0.65049
4097.336322	0.65188
4095.893048	0.65328
4094.467555	0.65471
4093.026302	0.65612
4091.586062	0.65722
4090.163566	0.65793
4088.72534	0.65855
4087.304831	0.65933
4085.868615	0.66015
4084.433407	0.6612
4083.015879	0.66271
4081.582674	0.66448
4080.167124	0.66603
4078.735918	0.66742
4077.305716	0.66854
4075.89313	0.66909
4074.464921	0.66903
4073.054302	0.66882
4071.628081	0.66869
4070.202859	0.66853
4068.795189	0.6686
4067.371949	0.66908
4065.966236	0.66975
4064.544974	0.67031
4063.124705	0.6708
4061.721926	0.6712
4060.30363	0.6714
4058.902797	0.67138
4057.486468	0.67149
4056.071127	0.67186
4054.673214	0.67242
4053.259834	0.67336
4051.863857	0.67472
4050.452436	0.67641
4049.058391	0.67839
4047.648923	0.68076
4046.240436	0.68322
4044.849289	0.68561
4043.442749	0.68807
4042.053525	0.68994
4040.648928	0.69082
4039.245307	0.691
4037.858966	0.69062
4036.457282	0.68941
4035.072853	0.68786
4033.673103	0.68691
4032.274324	0.68649
4030.892762	0.68642
4029.49591	0.68681
4028.116251	0.68775
4026.721323	0.68848
4025.32736	0.68847
4023.950554	0.68802
4022.558508	0.68748
4021.183595	0.68667
4019.793463	0.68588
4018.404292	0.68598
4017.032217	0.68713
4015.644953	0.68886
4014.274761	0.69084
4012.889401	0.69332
4011.521089	0.69572
4010.137628	0.69744
4008.755121	0.69872
4007.389626	0.69975
4006.009014	0.70062
4004.645389	0.70128
4003.266666	0.7018
4001.888892	0.70224
4000.52807	0.70253
3999.15218	0.7026
3997.793218	0.7024
3996.419208	0.70205
3995.046143	0.7017
3993.68997	0.70132
3992.318779	0.70089
3990.964456	0.70034
3989.595136	0.69966
3988.226755	0.69904
3986.875207	0.69853
3985.50869	0.69809
3984.158984	0.69801
3982.794329	0.69855
3981.430608	0.69949
3980.083661	0.70041
3978.721796	0.70137
3977.376681	0.70225
3976.016667	0.70257
3974.657583	0.70217
3973.315215	0.70143
3971.957977	0.70076
3970.617431	0.69992
3969.262035	0.69932
3967.923308	0.69947
3966.56975	0.70026
3965.217115	0.70152
3963.881115	0.70325
3962.530313	0.70554
3961.196123	0.70777
3959.84715	0.70963
3958.499095	0.71132
3957.167618	0.71234
3955.821387	0.71231
3954.491709	0.71153
3953.147298	0.71053
3951.803801	0.70906
3950.476823	0.70746
3949.135139	0.70694
3947.809952	0.7078
3946.47008	0.70953
3945.131116	0.71181
3943.808615	0.71509
3942.471457	0.71858
3941.150737	0.72106
3939.81538	0.72258
3938.480928	0.72357
3937.16288	0.72424
3935.830224	0.72434
3934.51395	0.72442
3933.183086	0.72506
3931.853122	0.72617
3930.539506	0.72733
3929.211329	0.72828
3927.899477	0.72917
3926.573083	0.72981
3925.262993	0.72994
3923.938378	0.72964
3922.614658	0.7294
3921.307207	0.72955
3919.985261	0.72989
3918.679562	0.73044
3917.359386	0.73132
3916.0401	0.73245
3914.737028	0.73349
3913.419507	0.73429
3912.118177	0.73497
3910.802418	0.73545
3909.487544	0.73576
3908.188828	0.73587
3906.875711	0.73572
3905.578729	0.73513
3904.267364	0.7343
3902.95688	0.73367
3901.662498	0.73318
3900.353762	0.7329
3899.061106	0.7333
3897.754114	0.73458
3896.447998	0.73644
3895.157929	0.7386
3893.853552	0.74125
3892.5652	0.74413
3891.262559	0.74666
3889.960789	0.74912
3888.675012	0.75114
3887.374972	0.75183
3886.090903	0.75099
3884.792591	0.74907
3883.510227	0.74646
3882.213638	0.74264
3880.917915	0.73841
3879.638107	0.73523
3878.344102	0.73295
3877.065992	0.73153
3875.773701	0.73139
3874.482272	0.73272
3873.206705	0.73511
3871.916986	0.73808
3870.643107	0.74209
3869.355095	0.74647
3868.067939	0.75001
3866.796591	0.75285
3865.511137	0.755
3864.241469	0.75605
3862.957712	0.75581
3861.674808	0.75464
3860.407659	0.75297
3859.126448	0.75038
3857.86097	0.74745
3856.581449	0.74534
3855.302776	0.74394
3854.039805	0.7433
3852.762816	0.74408
3851.501508	0.74697
3850.226201	0.75101
3848.951738	0.7547
3847.692923	0.75783
3846.420137	0.76074
