           0       0.00          180          3.5
           1       0.50          182          4.5
           2       1.00          178          4.0
           3       1.50          165          5.5
           4       2.00          160          2.5
           5       2.50          148          3.0
           6       3.00          136          2.5
           7       3.50          120          3.0
           8       4.00           99          4.0
           9       4.50           83          2.5
          10       5.00           55          3.6
          11       5.50           35          1.8
          12       6.00            5          0.8
